 65535,
 65525, 65495, 65445, 65375, 65286,
 65176, 65047, 64897, 64728, 64539,
 64331, 64103, 63855, 63588, 63302,
 62996, 62671, 62327, 61965, 61583,
 61182, 60763, 60325, 59869, 59395,
 58902, 58392, 57864, 57318, 56755,
 56174, 55577, 54962, 54331, 53683,
 53019, 52339, 51642, 50930, 50203,
 49460, 48702, 47929, 47142, 46340,
 45524, 44695, 43851, 42995, 42125,
 41243, 40347, 39440, 38521, 37589,
 36647, 35693, 34728, 33753, 32768,
 31772, 30767, 29752, 28729, 27696,
 26655, 25607, 24550, 23486, 22414,
 21336, 20251, 19161, 18064, 16962,
 15854, 14742, 13625, 12505, 11380,
 10252,  9121,  7987,  6850,  5712,
  4571,  3430,  2287,  1144,     0
