0 ,
0.0349066 ,0.0698131 ,0.10472 ,0.139626 ,0.174533 ,
0.209439 ,0.244346 ,0.279252 ,0.314159 ,0.349066 ,
0.383972 ,0.418879 ,0.453785 ,0.488692 ,0.523598 ,
0.558505 ,0.593411 ,0.628318 ,0.663225 ,0.698131 ,
0.733038 ,0.767944 ,0.802851 ,0.837757 ,0.872664 ,
0.90757 ,0.942477 ,0.977384 ,1.01229 ,1.0472 ,
1.0821 ,1.11701 ,1.15192 ,1.18682 ,1.22173 ,
1.25664 ,1.29154 ,1.32645 ,1.36136 ,1.39626 ,
1.43117 ,1.46608 ,1.50098 ,1.53589 ,




0 ,
0.0349207 ,0.0699268 ,0.105104 ,0.140541 ,0.176327 ,
0.212556 ,0.249328 ,0.286745 ,0.324919 ,0.36397 ,
0.404026 ,0.445228 ,0.487732 ,0.531709 ,0.57735 ,
0.624869 ,0.674508 ,0.726542 ,0.781285 ,0.839099 ,
0.900403 ,0.965688 ,1.03553 ,1.11061 ,1.19175 ,
1.27994 ,1.37638 ,1.48256 ,1.60033 ,1.73205 ,
1.88072 ,2.0503 ,2.24603 ,2.47508 ,2.74747 ,
3.07767 ,3.4874 ,4.01076 ,4.7046 ,5.67124 ,
7.11531 ,9.51425 ,14.3004 ,28.6352 ,